21257	0.0002161909982600804	0.9906468234939703	0.009136985507761788
21258	0.0007343274763458571	0.9970084390335425	0.002257233490114368
21259	0.00361185614664296	0.9858470361640665	0.010541107689294464
21260	0.06530258988507401	0.9331048512181678	0.001592558896756313
21261	0.6667123565528313	0.33221490419928107	0.0010727392478808058
21262	0.765414778859702	0.23360517007711412	0.0009800510631778677
21263	0.0031838560059122343	0.9775845506462699	0.019231593347814213
21264	0.03236555709515464	0.9458939238208546	0.021740519083992424
21265	0.05145353697897974	0.9210423115451878	0.02750415147582904
21266	0.008273051724467502	0.85257205620815	0.13915489206737708
21267	1.6129613762998166e-05	0.2300598496930244	0.769924020693215
21268	0.0022333944231414495	0.9939320203329675	0.0038345852438919537
21269	0.006522047254089344	0.9837567127298182	0.009721240016098118
21270	0.011111331863366856	0.6921882462901888	0.29670042184644574
21271	0.011378196744517557	0.1973394249866541	0.7912823782688249
21272	0.0031239902485322517	0.9898153624315204	0.007060647319945432
21273	9.549796813752761e-05	0.9999018582587818	2.64377308744017e-06
21274	0.02371842119420718	0.9689002299710403	0.0073813488347535886
21275	0.014737777680609158	0.9841718541874479	0.0010903681319360287
21276	0.00708446664871434	0.9913368344183281	0.0015786989329558564
21277	0.00024787773524910517	0.9974617535268908	0.0022903687378568608
21278	0.1427857261157423	0.8497468197780252	0.007467454106224101
21279	0.021394226394979742	0.7442005314631487	0.2344052421418769
21280	0.01077705643409917	0.9744174343542847	0.014805509211613497
21281	0.030453007515465525	0.9332276366681505	0.03631935581638238
21282	0.00040116706274743395	0.9815812699394312	0.01801756299781904
21283	0.003985966843085103	0.9873799403464246	0.00863409281049207
21284	0.0001210959256773628	0.9988223952205311	0.001056508853799664
21285	0.001192714570358367	0.9962256449047492	0.002581640524901957
21286	0.20778843396133312	0.7288407977726072	0.06337076826605785
21287	0.5244819456409656	0.2672253014590838	0.20829275289995103
21288	1.8763892256459968e-06	0.9987171376459997	0.0012809859647719408
21289	2.2731356925331602e-05	0.9980526995034205	0.0019245691396577026
21290	0.0025467932634383314	0.9969103262112087	0.0005428805253521299
21291	0.007470730398836137	0.9911467910893642	0.0013824785117943154
21292	0.001086776257389036	0.958133528773944	0.0407796949686657
21293	0.0017517517590247202	0.9459397095086696	0.05230853873230015
21294	0.011749405324319048	0.9820565562014192	0.0061940384742679684
21295	0.003678350294002171	0.9241942763685709	0.07212737333742752
21296	0.022110404004867818	0.8837941784356937	0.09409541755943755
21297	0.17818751573245267	0.7124783717690595	0.10933411249848801
21298	0.0014318442976164003	0.9950155110857426	0.0035526446166467347
21299	0.006368512176551872	0.9387610150977432	0.05487047272570189
21300	0.009912459533190641	0.9486268259078623	0.04146071455894461
21301	0.0109541363660662	0.15755481787233636	0.8314910457615939
21302	0.004912358936180419	0.9945565654092311	0.0005310756545917454
21303	0.03639957671005827	0.927937302502123	0.03566312078781871
21304	0.11034954568105411	0.7972603983469422	0.09239005597200847
21305	0.03504747333733749	0.9561159374027052	0.008836589259954224
21306	0.010575400113350297	0.7267312859515911	0.2626933139350555
21307	0.002409907413020645	0.9825687307248003	0.015021361862193255
21308	0.03432745999800347	0.9436237890405083	0.022048750961493183
21309	0.0007843243542707604	0.9745041071394663	0.024711568506260016
21310	0.0077039822165804765	0.9744840680695699	0.01781194971384607
21311	0.053526283149240884	0.9424946222236249	0.003979094627136435
21312	0.002432121275478121	0.487324373668337	0.5102435050561882
21313	2.1124543594503084e-06	0.9999978325128225	5.5032817409210754e-08
21314	0.041187687198438315	0.39411872897551814	0.5646935838260466
21315	0.0009289855681944476	0.9985995881306535	0.00047142630115277475
21316	0.0778981499983486	0.08265605739682276	0.8394457926048252
21317	0.5946727778211421	0.07807741035820097	0.3272498118206573
21318	0.009630120717733117	0.20986480960167087	0.7805050696806038
21319	0.000916142073804356	0.967038980402565	0.03204487752362982
21320	0.01907087112013249	0.09753043668516678	0.8833986921947042
21321	0.010696289851040248	0.9709413560058701	0.018362354143085173
21322	0.04683138369758295	0.9468237239796284	0.006344892322793899
21323	7.484335844334994e-05	0.9998346411547862	9.051548676646352e-05
21324	0.05377468208379692	0.7230893808468036	0.2231359370694002
21325	0.00043010991212899	0.9972636021848336	0.002306287903041846
21326	0.011313753545321579	0.9756871929192115	0.012999053535464322
21327	0.066564799638443	0.833842923316001	0.09959227704555729
21328	0.0020104285445273987	0.9521627575781508	0.04582681387732711
21329	0.001284848788512173	0.8983301115072488	0.10038503970424253
21330	0.006977468993344881	0.7829279664596492	0.21009456454700343
21331	0.0036816625692718424	0.7459135401912274	0.250404797239504
21332	0.01249777066445373	0.9862886700731385	0.001213559262411806
21333	0.0018019892560584764	0.9977731012693787	0.00042490947456693084
21334	0.0016723143960927407	0.9972445348181009	0.0010831507858060044
21335	0.0027265476561857548	0.9958681159984544	0.0014053363453588278
21336	0.00023264448317041967	0.9997547585354022	1.2596981421857507e-05
21337	0.005559347237874218	0.9821373872090735	0.012303265553049027
21338	0.00014623320454057237	0.8565815380970048	0.14327222869844342
21339	0.019330430330219705	0.7115618501168172	0.2691077195529639
21340	0.09711222731417027	0.7961911631928172	0.1066966094930159
21341	0.13854107012965886	0.7976173108313922	0.06384161903894861
21342	0.15478428766323626	0.7436910139529203	0.10152469838384438
21343	0.22007368389576976	0.7407307566696494	0.03919555943458047
21344	0.00943325686335129	0.9864767084253739	0.004090034711277201
21345	0.45117088679252687	0.2112698867677008	0.33755922643977565
21346	0.07247256877910933	0.9018298103541382	0.025697620866750096
21347	0.010769642454247124	0.9655580601398637	0.023672297405892717
21348	0.003715651762084911	0.9946081666231229	0.0016761816147943319
21349	0.011624944427851546	0.9732097708320068	0.015165284740148678
21350	0.06729805366369805	0.8183777381348579	0.1143242082014494
21351	0.0338652867271001	0.9531726324545593	0.012962080818340372
21352	0.09198056540045894	0.8774560956155385	0.030563338984002302
21353	0.0019402786778618657	0.9980500954920072	9.625830117085602e-06
21354	0.0006582936876797443	0.9934822140630354	0.0058594922492817055
21355	0.002388288919477887	0.9974392870790838	0.0001724240014430104
21356	0.00851340307991206	0.9898858596297301	0.001600737290355643
21357	0.13481810625168283	0.7496727985725011	0.11550909517581577
21358	0.0005226673728056142	0.9956390892281551	0.003838243399045199
21359	0.0008209329532619119	0.9940497005149225	0.005129366531822797
21360	0.000905584645748636	0.9983944999983698	0.0006999153558844947
21361	0.003579311039339743	0.993929279851467	0.0024914091091970667
21362	0.007184270475378585	0.6590530067898762	0.3337627227347451
21363	0.06551484008092222	0.8366227667844335	0.09786239313464289
21364	0.003370194180742611	0.9965261560236481	0.00010364979561995849
21365	0.002137836249812005	0.9945916289597083	0.0032705347904858372
21366	0.0005978601317852307	0.9990509532816989	0.0003511865865103568
21367	2.370179102234273e-05	0.9860074273286195	0.013968870880360413
21368	0.02785619946569655	0.10270536081758819	0.8694384397167195
21369	0.004029514400695994	0.12673753542227878	0.8692329501770272
21370	0.06069498400052066	0.9385694643427329	0.0007355516567485687
21371	0.00023648863653248872	0.9997515610548985	1.1950308559071308e-05
21372	0.006134140754264629	0.9928270038651743	0.0010388553805684563
21373	0.027839341977074394	0.9557885323701973	0.01637212565272613
21374	0.0022761588923127913	0.9973215333298256	0.00040230777786113295
21375	0.010575683533306016	0.9829333547662651	0.006490961700429288
21376	0.7615575234008055	0.1914310786330386	0.04701139796615855
21377	0.5115469463384731	0.3102627525602877	0.1781903011012351
21378	0.009637654629922159	0.9715445956177724	0.018817749752304755
21379	0.05498896435391615	0.805197929384008	0.13981310626207288
21380	0.0029119351657579153	0.9945243868718283	0.0025636779624199873
21381	0.007614849610186565	0.9866827380469498	0.005702412342851975
21382	0.02707315017502086	0.9323077218004611	0.04061912802451985
21383	0.12642440512641454	0.8714447187276071	0.002130876145971385
21384	0.03226646602750891	0.4849382974642562	0.482795236508234
21385	0.0015042355313608542	0.986305937215195	0.012189827253449621
21386	0.010582694891292505	0.9774180342109411	0.011999270897768938
21387	0.001688231106836645	0.9966917891687529	0.001619979724408851
21388	0.0003219945952439203	0.997308704201453	0.002369301203305778
21389	0.000945933841773103	0.9930115584710076	0.006042507687218055
21390	0.024669876002818086	0.9557862310978397	0.019543892899341664
21391	0.00013963940187604055	0.9998060506468941	5.430995123419674e-05
21392	0.000275999329583817	0.9985213423230244	0.0012026583473932885
21393	0.004876078821711587	0.9297582986289147	0.06536562254936623
21394	0.022458321008835783	0.9537815912567115	0.023760087734440438
21395	0.060461870583949015	0.3256446201300417	0.6138935092860063
21396	0.010309408954037012	0.9431731371582365	0.04651745388773018
21397	0.03979131387126757	0.9072983415578119	0.05291034457091495
21398	0.023230619885039744	0.8426881860404625	0.1340811940744988
21399	0.05618299518748422	0.7401374096524611	0.20367959516005027
21400	0.0005073836458370697	0.9989570338334228	0.0005355825207354319
21401	0.0006709467526979211	0.974465702514746	0.024863350732559287
21402	6.29968692631363e-05	0.998179717425436	0.0017572857053029022
21403	5.3658532888254706e-06	0.9671954134033097	0.03279922074338935
21404	0.00032034052866860164	0.9292829882763883	0.07039667119494014
21405	0.01594967090681546	0.8430380120493364	0.1410123170438466
21406	0.031120073911681388	0.61060042849923	0.35827949758908756
21407	0.004944012583143705	0.9746838272645693	0.020372160152286028
21408	0.03499464573715048	0.9603689626988077	0.004636391564042839
21409	0.011179412883576777	0.9783007971141581	0.010519790002267238
21410	0.019784951687052698	0.9640525748790906	0.016162473433858012
21411	0.01804051088673755	0.8945953091726807	0.08736417994057485
21412	0.05260439855641519	0.7262433385098412	0.2211522629337495
21413	0.16021093285268997	0.7762905821713834	0.063498484975924
21414	8.462363284477602e-05	0.996143257516825	0.0037721188503280017
21415	0.0006850058652506564	0.9977557151465711	0.001559278988184709
21416	0.018099617284931722	0.9550273254843715	0.026873057230687006
21417	0.14891750522930033	0.8448606353026071	0.006221859468089036
21418	0.5292245682885844	0.4486189446274329	0.02215648708398417
21419	0.24204916541631102	0.6214870395625299	0.13646379502115943
21420	0.0032106716989030227	0.995867647057496	0.0009216812435968539
21421	0.003691165066533737	0.9807889509545547	0.015519883978914205
21422	0.0015773367961905724	0.9981447829421902	0.0002778802616201317
21423	0.011189325188923486	0.9856955932480508	0.003115081563028036
21424	0.048419159448232524	0.9047720392781081	0.046808801273659134
21425	7.10755448225029e-05	0.9987968692764487	0.0011320551787223612
21426	0.006668457910251672	0.9479104613535951	0.045421080736156236
21427	0.1346436295475008	0.8510933445852124	0.014263025867287425
21428	0.19096319518922752	0.6951913540324616	0.11384545077830503
21429	0.0005551056571926951	0.9993552515753948	8.964276741963432e-05
21430	0.1044878674635757	0.21891002329884812	0.676602109237575
21431	0.005246790373051804	0.739855982276536	0.2548972273504118
21432	0.26046356196573667	0.44584531070118716	0.2936911273330759
21433	0.08067031211217233	0.46335096354739647	0.45597872434043035
21434	0.005906049140867028	0.5244956296013197	0.4695983212578141
21435	0.0010763503492248279	0.9620139201756858	0.03690972947509626
21436	0.0017369436701448631	0.9508640611600889	0.04739899516976244
21437	0.27326441136836627	0.6677841579369567	0.05895143069467707
21438	0.009469933203051544	0.2138327788105328	0.7766972879864138
21439	0.000869193106268541	0.9693857907247077	0.029745016169023704
21440	0.10823597640911711	0.564936518955171	0.3268275046357142
21441	0.019047206282887124	0.9381420304187372	0.04281076329837668
21442	0.040174563726505824	0.8814359874689133	0.07838944880457488
21443	0.0002566529441368923	0.9979578348742186	0.0017855121816420054
21444	0.9506911273123837	0.04099130458638336	0.008317568101229546
21445	0.37399325625841656	0.5273191934585131	0.0986875502830749
21446	0.031386063647665795	0.9248264764180181	0.0437874599343181
21447	0.007975134459825395	0.5581772902436146	0.4338475752965575
21448	0.0037014524507812865	0.7643527117500797	0.2319458357991414
21449	0.002008435495689429	0.9948532776204506	0.003138286883859544
21450	0.0069942007284950845	0.9645429183495662	0.028462880921936617
21451	0.0007413378537486148	0.9883810579998854	0.010877604146363557
21452	0.024581957149943334	0.9350406737445452	0.040377369105512324
21453	0.10541892064051744	0.7442582707683395	0.15032280859114294
21454	0.013261891941659484	0.9014386287420265	0.08529947931631293
21455	0.05195071949959068	0.512929850829127	0.43511942967128353
21456	0.0007136803199863823	0.9957504506869804	0.0035358689930336837
21457	0.00037253344430525874	0.9996264962837429	9.702719579026543e-07
21458	0.00011471743198051015	0.8354126832327565	0.1644725993352541
21459	7.690056505870867e-05	0.9999089826319605	1.411680298873024e-05
21460	0.0005291131050371273	0.9993444041285938	0.00012648276636116978
21461	0.013875394542827263	0.9140363646096956	0.07208824084747567
21462	0.006368982811203727	0.9926241738937076	0.0010068432950835384
21463	0.00011667469985140757	0.9719065490084017	0.027976776291745126
21464	0.08954879819788641	0.8247191532788173	0.08573204852329587
21465	0.5054180217568749	0.47124490370413147	0.023337074538990244
21466	0.039290018135799076	0.958936697305605	0.0017732845585922087
21467	0.00104264013534227	0.8379769005403758	0.16098045932428803
21468	0.008485818658335358	0.9493878672375933	0.04212631410406877
21469	0.00034551418701633086	0.9995932203042848	6.126550869537169e-05
21470	0.20743335745431776	0.5633688319437447	0.22919781060194058
21471	0.5076362982261065	0.4588613164407284	0.03350238533315505
21472	0.0003048235724929411	0.9996692764022785	2.5900025217945393e-05
21473	4.4818089431467965e-05	0.931410252199228	0.06854492971134461
21474	0.0004589847983826697	0.9656852566432892	0.033855758558330694
21475	0.01793820404129474	0.9736734794193913	0.008388316539310898
21476	0.06054084160787081	0.9148821475887635	0.02457701080336584
21477	0.027715743854783183	0.5022432955152635	0.47004096062995093
21478	0.042517065302550186	0.8981066774341676	0.05937625726328554
21479	0.0007652956583096862	0.8512880111988721	0.14794669314281544
21480	0.008134124020892593	0.9160257487107348	0.07584012726837375
21481	0.024853616018714827	0.9667911970750094	0.00835518690627374
21482	0.3486494688663784	0.5583965873566862	0.092953943776935
21483	0.029921291782255163	0.9650341849800984	0.0050445232376441435
21484	0.0049119773674639435	0.9944033082636144	0.0006847143689224577
21485	0.02250896399136384	0.9665953811427551	0.010895654865884015
21486	1.5292434465272466e-06	0.016821054575388288	0.9831774161811642
21487	1.8800336335451456e-05	0.04605900114484691	0.9539221985188154
21488	2.7730419410248797e-05	0.9999574407403307	1.4828840264563405e-05
21489	0.0001306862021021642	0.9996266386892467	0.00024267510865688918
21490	0.040142758478129995	0.9219934861725491	0.03786375534931491
21491	0.035740640778397205	0.9637409927552086	0.0005183664663984297
21492	0.0570532987636165	0.9422882076961534	0.0006584935402315664
21493	0.007136908470887791	0.974285942529938	0.018577148999170116
21494	0.07104878086627026	0.9288545678553735	9.665127835550311e-05
21495	0.034785714666347334	0.8442055176971971	0.12100876763645488
21496	0.0039607182817942045	0.9947959012068146	0.0012433805113960658
21497	0.018371714905039777	0.9798479845160201	0.0017803005789419138
21498	0.08702174784662439	0.887465449793888	0.02551280235948787
21499	0.030387279539584967	0.9654928419125769	0.004119878547839633
21500	0.0024763643717831156	0.9971103976410609	0.0004132379871577423
21501	0.01928183406601995	0.8414223997958195	0.13929576613816017
21502	0.039097292711279936	0.9508756848477138	0.010027022441004806
21503	0.11849699122511184	0.8023552475963075	0.07914776117858098
21504	0.033040274406581784	0.9487941692540056	0.01816555633941036
21505	0.010591937108498352	0.9891985751576542	0.00020948773384803216
21506	0.009816390412475583	0.972799743223654	0.017383866363869092
21507	0.034653496451547264	0.660253668632882	0.30509283491557054
21508	0.04720281264062572	0.9345790690162067	0.018218118343170144
21509	0.04822467973468239	0.9477139543470051	0.004061365918314781
21510	0.0002790027364784746	0.7547328414214245	0.24498815584209782
21511	1.3364922945016719e-05	0.9997057134135368	0.0002809216635049458
21512	0.000881117264690704	0.9967217367266205	0.002397146008693321
21513	0.006732685768495993	0.8920519294869634	0.10121538474453999
21514	0.03154894171252723	0.9310197461761639	0.03743131211131134
21515	1.613083343616488e-05	0.9992771978170252	0.0007066713495402148
21516	0.1475380155523207	0.7764610555743899	0.07600092887328984
21517	0.04386843074544807	0.9508689650093815	0.005262604245170284
21518	0.004990444998303894	0.4047621339032735	0.5902474210984223
21519	0.03479866017542739	0.9630447240936488	0.0021566157309187246
21520	0.004461002763815468	0.9422490230488348	0.053289974187351284
21521	0.00087050191553673	0.12141149243991271	0.8777180056445565
21522	0.014337376966160331	0.24743411074259958	0.7382285122912422
21523	0.4941667017238208	0.47890768918442905	0.026925609091753813
21524	0.016601947466870066	0.9561784733564185	0.02721957917671052
21525	0.04693787428208709	0.7526371687828575	0.20042495693505502
21526	0.004402478865068473	0.993898508319918	0.001699012815010445
21527	0.0001329061193439241	0.9998524403970512	1.4653483611046097e-05
21528	0.02710663553936143	0.4698865062426449	0.5030068582179936
21529	0.002002287043655097	0.9974327020018577	0.0005650109544937411
21530	0.049473982067669016	0.9262021463941655	0.024323871538165773
21531	0.02559883195470206	0.9704719784245787	0.003929189620725824
21532	0.008010823845720227	0.9223906154386313	0.0695985607156473
21533	0.07681025088876209	0.8774683947909422	0.04572135432029537
21534	0.025929299626879385	0.9396709357767697	0.03439976459635099
21535	0.013260165415534625	0.9758711145865995	0.010868719997867218
21536	0.11778335624835089	0.8775605079921782	0.0046561357594678875
21537	0.0008151209555927777	0.999028433583326	0.00015644546109450195
21538	0.0017062562917933197	0.9980805221101446	0.00021322159806184482
21539	0.11405745726082611	0.7930696626580523	0.09287288008112535
21540	0.004891444790199469	0.992027682004688	0.003080873205115205
21541	0.04507968121415044	0.9426403236156558	0.012279995170188462
21542	0.0015522540988632508	0.7575445366176964	0.24090320928343267
21543	0.013527105797391576	0.9189726026888514	0.06750029151375728
21544	0.03282365654314827	0.9618541089015515	0.005322234555294123
21545	0.005418724099098457	0.9457253318570462	0.04885594404385748
21546	0.014288199575980636	0.9419867806111988	0.04372501981282201
21547	0.015227365580701289	0.8722394334932164	0.1125332009260837
21548	0.004609579492845342	0.9350928929521973	0.06029752755495033
21549	0.906958403846107	0.08540403688921874	0.007637559264677049
21550	0.06501963885466602	0.8042055927492713	0.1307747683960626
21551	0.005467378459376879	0.9813531687980834	0.013179452742536492
21552	0.354821572061139	0.6445924267346995	0.0005860012041680609
21553	0.2809361416492281	0.6033554078095394	0.11570845054123521
21554	0.009054610860395577	0.5308958263299565	0.46004956280965065
21555	0.00025364272309903296	0.017186133923121027	0.982560223353783
21556	0.007408169202075974	0.06987454610384716	0.9227172846940751
21557	0.001350253927774907	0.9550307400506743	0.043619006021552886
21558	0.006207962381020642	0.9779649333911399	0.0158271042278361
21559	0.00010963217962070423	0.11025547534428806	0.8896348924760812
21560	0.053528475981684046	0.9345907668331723	0.011880757185142282
21561	0.002247933213744433	0.995607535575536	0.002144531210722648
21562	0.004153874074717194	0.9936481111736439	0.0021980147516400877
21563	0.012405563898861034	0.9828011748364811	0.004793261264655883
21564	0.12502941525771125	0.7930197707636633	0.0819508139786233
21565	8.589160492226105e-05	0.9998124192122131	0.00010168918287448629
21566	0.0008471024034609818	0.9982822453815201	0.0008706522150207626
21567	0.011627299743802754	0.9542842517245783	0.03408844853162006
21568	0.014302376973506094	0.9792558742172331	0.0064417488092626506
21569	0.06416958398132228	0.3818586298903956	0.5539717861282848
21570	0.00439688663788188	0.988760297055582	0.006842816306533191
21571	0.00372843758632028	0.9911633073417075	0.0051082550719784
21572	0.00985547537688108	0.9725612690248623	0.01758325559825073
21573	0.5708213757457249	0.33138790696193465	0.09779071729233758
21574	0.00709849696721368	0.9767031606065824	0.016198342426207
21575	0.007382960298220232	0.949957007473961	0.04266003222781715
21576	0.0002488041706167727	0.9996470168766097	0.00010417895277365545
21577	0.0017089402381247499	0.9973592543644779	0.000931805397397159
21578	6.0317251461878134e-05	0.688976133938027	0.31096354881051247
21579	8.641881308826089e-05	0.9996713473708873	0.0002422338160360012
21580	0.00025483459729710984	0.9991250541413538	0.0006201112613444207
21581	0.05427730021973434	0.9289331015304966	0.01678959824977121
21582	0.2148600095592309	0.767830524533366	0.017309465907406507
21583	0.19724297379598305	0.3473757704125704	0.45538125579144695
21584	0.5721338002478507	0.2360134512437785	0.191852748508373
21585	0.03948820663821398	0.36352939464658307	0.5969823987152026
21586	0.0009660280744903383	0.9496540042911767	0.049379967634327275
21587	0.0005908142654012372	0.7655858861603013	0.23382329957430112
21588	0.0012935312984495412	0.9941537030284482	0.0045527656730962865
21589	0.006953058179396274	0.9524053271764661	0.04064161464413603
21590	0.00431070291853331	0.9640266668427355	0.0316626302387343
21591	0.0002338227016292601	0.999222787875344	0.0005433894230378349
21592	0.07733198340235699	0.911393282843609	0.011274733754030625
21593	0.021673871790719525	0.9379628813829944	0.04036324682628687
21594	0.08969280622848953	0.8954926084361636	0.014814585335349342
21595	0.0640266695037988	0.3622392062196194	0.5737341242765805
21596	0.11138004186029953	0.5668050793420555	0.3218148787976423
21597	0.017516777875922235	0.9135947512507718	0.06888847087330613
21598	0.4998391221701332	0.459734271319581	0.04042660651028765
21599	0.03641925283671427	0.9493546846501044	0.014226062513181155
21600	0.03942659160715594	0.9571270426758994	0.003446365716941029
21601	0.0010870901526534695	0.012083553212451616	0.9868293566348975
21602	0.03151108472898914	0.04875787535556868	0.9197310399154387
21603	0.00434474312781972	0.9919647649605947	0.0036904919115872655
21604	0.0006089710138928793	0.998795185743126	0.0005958432429931384
21605	0.5391409556038135	0.445638784531135	0.015220259865053064
21606	5.2724423887845206e-05	0.9551330582802808	0.04481421729583009
21607	0.00012767266269501454	0.8585606982149242	0.14131162912238515
21608	0.10849617048991353	0.5857099687514397	0.305793860758646
21609	0.9993693232523818	0.000491920879721058	0.00013875586789037104
21610	0.07009561537346139	0.9280933200286678	0.0018110645978689271
21611	0.020640946993436066	0.8224311666262135	0.15692788638035193
21612	0.01036804122524955	0.09926989232305189	0.8903620664516975
21613	0.005794851203326261	0.9884628069277324	0.005742341868937122
21614	0.00019226057963478383	0.9997961668211663	1.1572599210110784e-05
21615	0.05551695868082072	0.940549076038705	0.003933965280479388
21616	0.031765878256583155	0.9665055408488306	0.0017285808945868035
21617	0.028060058906832958	0.7826612046123874	0.18927873648078214
21618	0.023076886546207216	0.8401633508315738	0.13675976262221798
21619	0.17985127597351103	0.766952329971646	0.05319639405484302
21620	0.0018302239767465224	0.9968547664835757	0.0013150095396836684
21621	0.00536978063156221	0.9912808274930559	0.0033493918753872308
21622	0.2706076703275897	0.654898226532199	0.07449410314021776
21623	0.02660850209189299	0.9641330827185158	0.00925841518958995
21624	0.00011805186069983729	0.9995020635505381	0.0003798845887716567
21625	0.008383270328698194	0.9914551811912624	0.00016154848003389408
21626	0.010833339975269996	0.9621809840023308	0.026985676022403215
21627	0.07825126508950332	0.7795716931592783	0.14217704175121473
21628	0.032855764291395195	0.9455667805108254	0.021577455197779344
21629	3.3890500918426476e-06	0.9892877578709616	0.01070885307894027
21630	0.0006222450062244011	0.6033291694428287	0.39604858555095573
21631	0.00045929495774329804	0.9959761072857953	0.0035645977564654646
21632	0.0007172680228811579	0.7174247200171007	0.28185801196001764
21633	0.16004078890945375	0.6076789440994732	0.2322802669910708
21634	0.5101407450845616	0.43142551065196	0.058433744263475446
21635	0.2702229429611796	0.6023625280560987	0.12741452898272185
21636	0.12845525250789797	0.29710773965271936	0.5744370078393817
21637	0.19938083617622832	0.220095435034949	0.5805237287888221
21638	0.010056440957582125	0.9896063629911154	0.00033719605130292626
21639	0.0009482113449783319	0.9953527109372444	0.0036990777177798783
21640	0.004215617446674779	0.9386767378559023	0.05710764469741889
21641	0.10083353237784988	0.8063607674531236	0.09280570016902624
21642	0.07137087951338872	0.6658742892822944	0.2627548312043173
21643	0.009325436514208635	0.9904385394342028	0.00023602405160034814
21644	0.015134879051472148	0.984560287765676	0.000304833182850391
21645	0.0004296022982108797	0.9903194825101818	0.009250915191604741
21646	0.031450122601682305	0.9510814016703407	0.017468475727980194
21647	0.11648887556065705	0.7762964766592937	0.10721464778004905
21648	0.04442331569342375	0.9334959454156901	0.02208073889088524
21649	0.21671357099528113	0.67490947355924	0.10837695544547947
21650	0.05646727795366037	0.1683333222622385	0.7751993997841043
21651	0.3639785060184033	0.2416691891484209	0.39435230483317507
21652	0.012538565714794635	0.9864125125713797	0.0010489217138290984
21653	0.00034342848991637256	0.9797939160479571	0.019862655462127506
21654	0.0005365586039737116	0.9730596024008311	0.026403838995193257
21655	0.002990406674001251	0.9967675986082868	0.00024199471770731064
21656	0.00876857275557057	0.990615415065832	0.0006160121786000164
21657	0.006927434182044701	0.8307319010926052	0.16234066472535216
21658	0.033831029707999186	0.903599540298722	0.06256942999327755
21659	0.08942799351417534	0.6460850107559942	0.2644869957298273
21660	0.0552165931952379	0.9182224079079359	0.026560998896824967
21661	0.046216684980011066	0.8884513609622822	0.06533195405770362
21662	0.18541959291216903	0.7938945009224194	0.02068590616541211
21663	0.008457417857612188	0.9852012588898852	0.00634132325251455
21664	0.0014427132603537652	0.9470504979093033	0.05150678883034714
21665	0.0008657226805362508	0.9969907214745565	0.0021435558449062996
21666	0.007498541461534641	0.990812407349466	0.0016890511889966103
21667	0.00014691299821212818	0.9994503769936638	0.0004027100081223577
21668	0.0013808555625836525	0.9961605645312157	0.0024585799061962632
21669	0.001403609300580744	0.9984608006811728	0.00013559001824821806
21670	0.003145067400052911	0.9965911803370466	0.00026375226290433385
21671	0.00632803117977224	0.9882585794241152	0.005413389396119144
21672	0.026955755899488305	0.8929692492695563	0.08007499483095792
21673	0.16638527296470018	0.55503337429248	0.27858135274281903
21674	0.007789214660352994	0.9777343970934863	0.01447638824616738
21675	0.04351469425028573	0.9064729520086149	0.05001235374109879
21676	0.00018584182788830735	0.998206701867531	0.0016074563045744273
21677	0.0022464025709275724	0.9953438584043806	0.0024097390246916157
21678	0.03180488630748949	0.1935702201865455	0.7746248935059655
21679	0.0013811236001646855	0.7428412859718223	0.25577759042801573
21680	0.008693009960210798	0.9622157504909231	0.029091239548866415
21681	0.0013873772453502687	0.9980232025723981	0.000589420182247081
21682	0.007524678246967063	0.5037618975015362	0.4887134242514966
21683	0.010143905583760568	0.9658275661499346	0.024028528266307733
21684	0.21773785614802657	0.721106769790216	0.06115537406175854
21685	0.02412265387710504	0.973016293556343	0.002861052566558161
21686	0.08571523003864968	0.6936279000815211	0.22065686987983457
21687	0.09917026275620587	0.4021655312756458	0.4986642059681451
21688	0.034521427010520724	0.08544849024724238	0.8800300827422372
21689	0.3834239993695403	0.11743424134721424	0.4991417592832453
21690	0.20709605578166684	0.6504989029809732	0.14240504123735892
21691	0.08902168293393646	0.8871106860360787	0.023867631029979658
21692	0.01678379708450055	0.965589003476295	0.017627199439210067
21693	0.014014167579801897	0.10166003502224628	0.8843257973979542
21694	0.2476029121750073	0.2500293656333871	0.5023677221916091
21695	0.19905579257303216	0.7970458577886499	0.0038983496383110947
21696	0.030636692661870926	0.9538065014350049	0.01555680590312344
21697	0.1067554630326275	0.7050038891644352	0.18824064780293867
21698	0.010691725776552792	0.9674942594059688	0.02181401481747908
21699	0.019867696891883384	0.9009546560246107	0.07917764708350894
21700	0.02535081704439376	0.8745333340414482	0.1001158489141515
21701	0.0003906556578538189	0.9996076150974663	1.7292446762576903e-06
21702	0.0006695254307982446	0.9795566347084104	0.019773839860790406
21703	0.0012439198668067948	0.9949982686600867	0.00375781147311171
21704	0.04659414327429535	0.8671009594876493	0.08630489723805795
21705	0.001779574117844699	0.9911267667298063	0.00709365915234702
21706	0.017368003599131307	0.9792929966467088	0.0033389997541576305
21707	0.13096725967798956	0.622076917250124	0.2469558230718885
21708	0.0016766285343017984	0.8367901725862257	0.16153319887947665
21709	0.0008359470011615705	0.9292461426163298	0.06991791038250787
21710	0.057863917408296356	0.873306417942521	0.06882966464918183
21711	0.8141495935706361	0.12612311515391914	0.05972729127544576
21712	0.07705989119291899	0.4799151525936061	0.4430249562134692
21713	0.10190427724666348	0.8655982476726178	0.03249747508071951
21714	0.007583768031531787	0.9879270615643411	0.004489170404130976
21715	0.00013724065552156632	0.9993017235452675	0.000561035799215539
21716	0.0019520704848535178	0.9978477828191287	0.00020014669602351693
21717	0.020362279946934028	0.9679860114319376	0.011651708621130718
21718	0.009399632226248877	0.987324936748021	0.003275431025732844
21719	7.565985702498493e-05	0.01797817774631703	0.981946162396661
21720	0.013932592850761668	0.7214168619046654	0.2646505452445765
21721	0.01996979963600235	0.6572822611903024	0.3227479391736953
21722	0.021228524401545407	0.9682674335294775	0.010504042068970468
21723	0.05921085994004418	0.9153546655572062	0.025434474502754593
21724	0.10925530892475871	0.8228758504897185	0.06786884058552227
21725	0.07084077544920049	0.11037054080147589	0.8187886837493269
21726	0.6295206386083195	0.13653127913089705	0.23394808226078334
21727	0.6339358264742665	0.3120382171310654	0.05402595639466735
21728	0.0003506203536141045	0.9983345592409542	0.0013148204054372972
21729	0.0008586845211104395	0.9329526931265615	0.06618862235232992
21730	9.763536372237845e-05	0.9986190592291487	0.0012833054071417047
21731	0.0009642128748675601	0.998424552353398	0.0006112347717375033
21732	0.00039494315876962156	0.9985506492313058	0.0010544076099232866
21733	0.0026900917485411595	0.9879576381043259	0.00935227014713288
21734	0.0030304253883039357	0.9947327778064137	0.002236796805283784
21735	0.09816800361992413	0.8869190686887256	0.014912927691349272
21736	0.2663829890781405	0.2057664145623325	0.5278505963595178
21737	0.00019779105632553457	0.01263444673496035	0.9871677622087282
21738	0.04857025386939647	0.9142549750560545	0.03717477107454917
21739	0.2458217444332343	0.6539523939472586	0.10022586161951029
21740	0.06533437743555447	0.8323845557673935	0.10228106679704979
21741	0.03605362384292244	0.49430409105842743	0.46964228509865064
21742	0.00022029413504963478	0.9930966545153138	0.006683051349639011
21743	0.002138650989412006	0.993338529782411	0.004522819228181736
21744	0.025144717143083986	0.9529006546914168	0.02195462816549217
21745	0.03010178919689203	0.9531770878745233	0.016721122928582677
21746	0.04001418829458019	0.9406896070494256	0.01929620465599669
21747	0.0440541816220123	0.8251393052660755	0.13080651311191194
21748	0.003622209269497892	0.9800109756008645	0.016366815129631163
21749	0.034954196054646704	0.9574284838221478	0.007617320123199224
21750	0.0016088844205787772	0.9709038409010853	0.027487274678332094
21751	0.00029886360520645067	0.9728991171325632	0.026802019262233502
21752	4.362027440592947e-05	0.9997587388443105	0.00019764088128210048
21753	0.02640773740237575	0.9429466573969426	0.030645605200683136
21754	0.006259019704235679	0.9756868760076757	0.01805410428809454
21755	1.3525093666565533e-05	0.9956177401810602	0.004368734725264122
21756	0.07783864065307618	0.9037696094077854	0.018391749939143068
21757	0.3339757539903536	0.5632655075080018	0.10275873850163791
21758	0.043375588699536886	0.9531070467134357	0.0035173645870280107
21759	2.0013806790049522e-05	0.8082986838931674	0.19168130230003846
21760	6.538153969148678e-05	0.999934315801093	3.026592217593463e-07
21761	0.0003081517681691822	0.9996868947773391	4.953454500884551e-06
21762	0.10481812778651221	0.586932177956202	0.308249694257286
21763	0.010249742112926381	0.9307800861793718	0.05897017170770492
21764	0.07232680191001276	0.9142937035268703	0.013379494563119166
21765	0.013471877118119183	0.981678435709081	0.004849687172804858
21766	0.06397249929909922	0.9352992096112442	0.0007282910896643158
21767	0.0747811173993775	0.8815403947263627	0.04367848787426317
21768	0.0011683315220118301	0.9874508722067616	0.011380796271221348
21769	0.010210232756786257	0.961008779260531	0.028780987982677017
21770	0.05230974458316009	0.7606971384496894	0.1869931169671515
21771	0.010553900941857307	0.9808547209620919	0.008591378096044258
21772	0.002006234658327689	0.5156084329313811	0.4823853324102954
21773	0.00267833130158049	0.9856405458125371	0.011681122885880312
21774	0.12126807762339492	0.8763113253702268	0.0024205970063786884
21775	0.48177671196133565	0.5057005926478919	0.012522695390775052
21776	0.0006246395623599626	0.9763779778688114	0.022997382568831114
21777	0.14314621006329364	0.8401785471882216	0.01667524274848772
21778	0.2735384144811868	0.7180265298213053	0.008435055697501559
21779	0.6010015915687439	0.33464226687206855	0.06435614155918926
21780	0.04278681644734273	0.8732880287567485	0.08392515479590582
21781	1.0111507276393068e-05	0.994725911763851	0.005263976728873521
21782	0.17255851556573945	0.8212484714265342	0.006193013007728422
21783	0.03646501755940867	0.9595304313776759	0.004004551062903915
21784	0.05969632308068529	0.821495285373523	0.11880839154579068
21785	0.016559021103605673	0.9383917616947922	0.045049217201608344
21786	0.008672335866150713	0.8826190612872815	0.10870860284657208
21787	0.0023100104403325277	0.9971246539803386	0.000565335579325222
21788	0.01536220258279946	0.9603106610122885	0.024327136404907693
21789	0.02477559710567029	0.9631604330638539	0.01206396983047321
21790	0.0004779786593268134	0.9738500461743645	0.025671975166309806
21791	0.0008209920312440922	0.9990841065472736	9.490142147816783e-05
21792	0.002418061291032389	0.9973392856133823	0.00024265309559287106
21793	0.038358943772425824	0.932249895408085	0.02939116081948764
21794	0.09587770406873285	0.8752932540680702	0.02882904186319657
21795	0.0020700676427454845	0.9969999804827343	0.000929951874526554
21796	0.001409252161350823	0.9985772318441001	1.351599454444339e-05
21797	0.503450930492125	0.4649018634389801	0.03164720606889831
21798	0.8934917376166944	0.07674638275644247	0.029761879626864864
21799	1.1179289672244707e-07	0.36702343272144966	0.6329764554856586
21800	1.027723483651602e-06	0.27833281004091687	0.7216661622355974
21801	0.1402604633280553	0.8509731398073708	0.008766396864573813
21802	0.04216088919349631	0.8804776454575789	0.0773614653489274
21803	0.20604166133848098	0.6845542710118606	0.1094040676496596
21804	0.03493063203290076	0.9220537500345702	0.04301561793252598
21805	4.7257355185816555e-05	0.9970049683952653	0.0029477742495508633
21806	0.0069166117494470925	0.9905524030514856	0.0025309851990697983
21807	0.03932888022470646	0.7480073344324581	0.2126637853428364
21808	0.05898886294402292	0.687178081255816	0.253833055800162
21809	0.12948497260878247	0.7237383634551504	0.1467766639360665
21810	0.18777466047020416	0.6428419484654151	0.16938339106438122
21811	0.006623740526936527	0.9931078445389632	0.00026841493410726525
21812	0.006376486354726432	0.9813615079449811	0.012262005700295543
21813	0.014092208959597409	0.9296563418283647	0.05625144921202703
21814	0.08001173110125795	0.8887123842889607	0.03127588460978181
21815	0.00017225094568250633	0.9787286890499589	0.021099060004362135
21816	0.0007460778902092851	0.9989253927888845	0.00032852932090024023
21817	0.0035627011765154977	0.9960287204517048	0.00040857837178226404
21818	0.1637048891352867	0.8269378151543658	0.009357295710348865
21819	0.09001575176782299	0.907350101619447	0.0026341466127362766
21820	0.0001641461040981506	0.9996213924780317	0.0002144614178745136
21821	0.0011270289758639048	0.9969554961143756	0.0019174749097555011
21822	0.1035049396970349	0.885537187854691	0.010957872448268064
21823	2.2013954941474675e-05	0.9763710028106591	0.023606983234398585
21824	0.04370885659624157	0.5703480916169444	0.38594305178680866
21825	0.08975111646739566	0.9057115417125894	0.004537341820014725
21826	0.031008083114777478	0.9545940395943538	0.014397877290869785
21827	0.10937821795180762	0.7142621684601177	0.17635961358807847
21828	1.6278356809507425e-05	0.9999837038151592	1.782802989758675e-08
21829	0.019928475615729885	0.32603844920159986	0.6540330751826721
21830	0.00022905937862883913	0.9994804789947601	0.00029046162661478756
21831	0.6311646651593172	0.28257540920406654	0.08625992563661582
21832	0.1422445379625727	0.8559228776958647	0.0018325843415651888
21833	0.614363159304051	0.3779617225270232	0.007675118168930262
21834	0.01974865962099684	0.8774337447982204	0.10281759558078571
21835	0.18829647345434414	0.6901244834715587	0.12157904307409892
21836	0.013088124639291817	0.9849108776376146	0.0020009977230972175
21837	0.021927916870698994	0.58511559445418	0.3929564886751193
21838	0.19168546690640972	0.6328973593591243	0.17541717373446616
21839	0.03394298661143627	0.9278425697604035	0.03821444362816367
21840	0.0021290911670497183	0.9976182558154626	0.00025265301748932204
21841	0.004689082740280705	0.9948657866343493	0.00044513062538252454
21842	0.05068144096304001	0.6984948196118331	0.2508237394251276
21843	0.07157415145412103	0.6270386404654473	0.3013872080804247
21844	0.0649306187897771	0.9292841364330616	0.005785244777161764
21845	0.052346676448182944	0.9155869815473724	0.03206634200444459
21846	0.007298494603199585	0.967912816433004	0.02478868896380316
21847	0.08962688203018412	0.8944766123839775	0.015896505585836048
21848	0.20955655773024712	0.7652391892718633	0.02520425299788897
21849	0.005108531491184029	0.3428893764670798	0.6520020920417349
21850	0.028566050571623928	0.9700025166301653	0.0014314327982130777
21851	2.6058359343255737e-05	0.9999735828397067	3.588009485957044e-07
21852	6.715574052579261e-05	0.9613377143807005	0.03859512987877715
21853	0.13110100522641088	0.649716028138741	0.21918296663485015
21854	0.00015323681934455055	0.9942436298958915	0.005603133284773281
21855	0.0035069788655851105	0.9897034392985473	0.006789581835861463
21856	0.006839627250761936	0.9672955452531006	0.025864827496131986
21857	0.0016130690845412138	0.8132700696206548	0.1851168612948041
21858	0.0035895863581335364	0.9930869463306742	0.0033234673111794044
21859	0.0095325147383587	0.9789745620383843	0.011492923223266744
21860	0.011331529059891701	0.42883267385922585	0.5598357970808852
21861	0.13861728914284102	0.5310878627986896	0.33029484805846615
21862	0.01749755322239305	0.21157766098882033	0.7709247857887871
21863	0.21069722775132732	0.3152471068556957	0.47405566539297395
21864	0.001967449025790004	0.8765376263542954	0.12149492461991612
21865	0.0020411666428335	0.9806803867036378	0.0172784466535286
21866	0.20011231971171517	0.7773974527450015	0.02249022754328094
21867	0.003275815778487796	0.9756797199840376	0.0210444642374806
21868	0.00352683838454534	0.9931413510384215	0.0033318105770370927
21869	0.0005632580158331818	0.9969849853421561	0.0024517566420040973
21870	0.00047159997217221237	0.9993904168823913	0.00013798314544227565
21871	0.01940802721153112	0.5033964280875994	0.47719554470087605
21872	0.012410181437450773	0.9808402330598234	0.006749585502722791
21873	0.07582305554075307	0.8704766992641083	0.05370024519513722
21874	0.1314115959420329	0.8428871738977227	0.025701230160242103
21875	0.3289785157036141	0.44759610451064896	0.22342537978573118
21876	0.02075098494139321	0.9739243947304315	0.0053246203281731
21877	0.10582721405972828	0.7474082136351555	0.14676457230510687
21878	0.49316351919133544	0.4848459453480928	0.021990535460577665
21879	0.007916446020677792	0.5827490742058224	0.40933447977350323
21880	0.0009483348344391236	0.9973683628327568	0.0016833023328162921
21881	0.029453139607590804	0.9429611051658907	0.0275857552265131
21882	0.012878118788542703	0.7442690120251237	0.24285286918633184
21883	0.0042999870136237964	0.9907052023003137	0.004994810686056565
21884	0.04283140656785103	0.7596221020029653	0.19754649142918518
21885	0.07297054131598808	0.5537895608153305	0.3732398978686787
21886	1.5260795595298805e-05	0.7418338582562302	0.258150880948172
21887	0.00019152763612772085	0.9987592633533369	0.00104920901052694
21888	0.00011197572040053638	0.9998851235444257	2.9007351782172156e-06
21889	0.0016252405022384986	0.997374039581914	0.0010007199158499852
21890	0.00013963940187604055	0.9998060506468941	5.430995123419674e-05
21891	8.076812506854672e-05	0.9998643510640378	5.488081088754431e-05
21892	0.6706140791011708	0.314934829860442	0.014451091038389024
21893	0.0003522276761542333	0.9982955176372238	0.0013522546866209157
21894	0.0016246133433365359	0.9767168165850619	0.021658570071603874
21895	0.024408787859255744	0.8439918137500364	0.13159939839070744
21896	0.00032753159605868537	0.9561793703659691	0.04349309803796652
21897	0.3152907151156891	0.576559099901122	0.10815018498319064
21898	0.0015938897662841544	0.9680254763840257	0.030380633849695596
21899	0.26403029426571395	0.729397341435335	0.0065723642989574714
21900	0.002137947989991614	0.9704442873589271	0.027417764651078372
21901	0.005056486544931458	0.9908972850206045	0.0040462284344705375
21902	0.000567853275825531	0.9933400701655691	0.006092076558607519
21903	0.0755023358272421	0.9019597307117444	0.02253793346101171
21904	0.0248555331786517	0.9557470533918344	0.019397413429515446
21905	0.13155024490552147	0.7347629901132726	0.13368676498120652
21906	0.0011588840296262674	0.998303209224565	0.0005379067458053248
21907	0.0025447931106633223	0.9948538983869023	0.0026013085024362945
21908	0.09918950947768806	0.5093592823996879	0.39145120812262424
21909	0.004528538191742223	0.9062238808090702	0.08924758099918136
21910	0.036545549724939126	0.9228717495496783	0.04058270072538235
21911	0.0881982355811905	0.8267758915629102	0.08502587285589865
21912	0.25047498116621525	0.7404306942956634	0.009094324538125233
21913	0.004651872862940838	0.9939155189723603	0.0014326081646946036
21914	0.0008353169484476763	0.9985425695537182	0.00062211349783395
21915	0.0056944260413410155	0.9887829648827964	0.0055226090758571465
21916	5.564712818625347e-05	0.18897951346095473	0.8109648394108582
21917	0.0012820105633254547	0.9795133089793762	0.01920468045729497
21918	0.009719090567585959	0.9766593689556391	0.013621540476778849
21919	0.0720099642915129	0.4377809838377844	0.49020905187070424
21920	0.21579868054370188	0.7838926341220962	0.00030868533420054777
21921	0.35421094873965375	0.6447993674492095	0.000989683811132525
21922	0.00767958691474439	0.9812046485937127	0.011115764491545992
21923	0.04845162192204702	0.862439597065313	0.0891087810126533
21924	0.010046691703900724	0.8001263576382049	0.18982695065789768
21925	0.051834699701776676	0.9294030895692854	0.018762210728942807
21926	0.0005999536709913706	0.13250101927564661	0.866899027053361
21927	0.04521768167836464	0.9505423715712176	0.004239946750419511
21928	0.02721601214793679	0.945666801070621	0.027117186781441836
21929	0.011151162444682864	0.9657003500613006	0.02314848749402124
21930	0.07854620802830087	0.9139826751125265	0.007471116859172047
21931	0.00021905902519470916	0.9997336445544317	4.729642038478434e-05
21932	0.0009066624418208157	0.9971029799103813	0.001990357647807324
21933	0.005662667713182198	0.9907400868118669	0.0035972454749445765
21934	0.0012246560214711122	0.9267156123610328	0.07205973161748812
21935	0.0006488762344363019	0.9798044388424235	0.019546684923152823
21936	0.0021737558803224854	0.9968124099686527	0.0010138341510303706
21937	0.00486203793951888	0.9931693540614065	0.0019686079990762885
21938	0.01339481595207287	0.9863564071625918	0.0002487768853266756
21939	0.06627575944195128	0.779100159013438	0.15462408154461113
21940	0.14265997733289446	0.5683989197265125	0.28894110294059483
21941	0.00557101031582603	0.9941239464618666	0.00030504322230378325
21942	0.015999781861050357	0.9772137817958509	0.006786436343093647
21943	0.09880825656956	0.09730913703277473	0.8038826063976673
21944	0.0021062172017594642	0.2920833364911744	0.7058104463070665
21945	3.787458117704952e-06	0.9990596452586795	0.000936567283196396
21946	3.062494600951525e-05	0.9995826499993626	0.00038672505462560784
21947	0.0030860565270183875	0.5305836347119299	0.4663303087610518
21948	0.01952404348300362	0.7476391667392571	0.23283678977773414
21949	0.030871824919894646	0.9472955908967148	0.02183258418338771
21950	0.365821605654672	0.5130883453186463	0.12109004902668316
21951	0.2520010942180198	0.7052943453101611	0.04270456047181255
21952	0.1887764143870622	0.6777973023859849	0.13342628322695194
21953	0.3788423831236218	0.5049306310368497	0.11622698583952909
21954	0.0028030410811163433	0.9903352085687173	0.006861750350164651
21955	0.006282987813609367	0.981552335432206	0.01216467675418103
21956	0.013017140397398224	0.9705733363487338	0.01640952325387161
21957	9.869623902336793e-05	0.9968197436749255	0.003081560086044137
21958	0.0001013743073246231	0.9998667373837569	3.188830892549714e-05
21959	0.0620437954167812	0.7608697194987227	0.1770864850844972
21960	0.06138149385787322	0.8816214186262796	0.05699708751585236
21961	0.06057793629753948	0.8612890775433202	0.07813298615914371
21962	0.025466763514955727	0.9362662167395458	0.03826701974550067
21963	6.324655663006489e-06	0.9997987879894086	0.00019488735492651275
21964	4.347217956455354e-05	0.9982121755097839	0.0017443523106468188
21965	0.04315165090477308	0.9549337881060533	0.0019145609891677308
21966	0.08130314905105035	0.49280452471716824	0.4258923262317847
21967	0.16425203987030562	0.8345158716771051	0.001232088452589162
21968	0.003639094889546216	0.9918343175613024	0.004526587549156887
21969	0.00041614357121427434	0.1150955170163722	0.8844883394124191
21970	0.040434386045678054	0.933922703941126	0.025642910013196234
21971	0.02109058518571809	0.9720618238296372	0.006847590984643197
21972	0.00081478243166333	0.9976898747853041	0.0014953427830359139
21973	0.06795867593277108	0.860371016608572	0.07167030745865344
21974	0.00033325555855708407	0.9995249392093475	0.0001418052321043625
21975	0.0005241429510988955	0.9992860931800743	0.00018976386882183356
21976	0.051554524944399216	0.945873954471644	0.002571520583957847
21977	0.4753506138065024	0.40863636989714036	0.11601301629635784
21978	0.1246683801415376	0.5956011547953158	0.279730465063133
21979	0.10615113262399875	0.8825552978808371	0.011293569495156208
21980	0.004142768016347756	0.6613249395066074	0.33453229247703886
21981	0.3709381537664265	0.2988882712386223	0.3301735749949513
21982	0.006254202442687309	0.9730799936055458	0.020665803951773143
21983	8.398292288961476e-05	0.9998118673326585	0.00010414974445305
21984	0.021010637481633843	0.9613345413323882	0.01765482118597807
21985	0.23155537893202813	0.4496778307168364	0.3187667903511316
21986	0.03379042912383673	0.8492678289371646	0.11694174193899706
21987	0.034624276786705654	0.8791073071492672	0.08626841606403007
21988	0.0004371498849386294	0.997750784123801	0.0018120659912613003
21989	0.18719233061633578	0.46727949651195544	0.3455281728717085
21990	0.016006378233980288	0.950397597322852	0.03359602444316678
21991	5.7981754029033174e-05	0.4705105075495623	0.529431510696405
21992	0.0002521833244163517	0.99938110219813	0.00036671447745463407
21993	0.007455230261817126	0.8326642218005657	0.15988054793761605
21994	0.0009074471362047415	0.8645925183876929	0.134500034476107
21995	0.1329945049155193	0.8105734374873403	0.05643205759714137
21996	0.006623500686015766	0.9101347474651382	0.08324175184884723
21997	0.010293648263983081	0.922528207132977	0.06717814460303329
21998	0.04748454217807837	0.6965849142697442	0.25593054355217204
21999	0.00022425197097062445	0.9974212971175479	0.002354450911481961
22000	0.2633473304150908	0.6741308179737527	0.06252185161115592
22001	0.18846153374630334	0.7589516704948068	0.05258679575889124
22002	0.0012269957221392592	0.9967629707643875	0.0020100335134778545
22003	0.029071125461130613	0.559979850068058	0.4109490244708094
22004	0.39173515311173784	0.5619802370640292	0.04628460982423013
22005	0.002690024809432515	0.5062562805427364	0.49105369464783444
22006	0.034653496451547264	0.660253668632882	0.30509283491557054
22007	0.15294076756115801	0.7995714384733072	0.04748779396553521
22008	0.035202690205719755	0.826299625199828	0.13849768459445666
22009	0.17628593524639916	0.792967346496969	0.03074671825662535
22010	0.0007173876918133039	0.8986427821237453	0.10063983018443644
22011	0.0026073411608439085	0.997282145348713	0.00011051349043625723
22012	0.00887311210505156	0.9909922476658658	0.00013464022909216977
22013	0.00524293939201224	0.9854446261171448	0.009312434490840949
22014	4.506360572507416e-06	0.9870622163031965	0.012933277336230835
22015	0.0008630312422371709	0.9988337811406414	0.00030318761712782617
22016	0.068917103526772	0.7893123551306346	0.141770541342592
22017	5.847949506583711e-05	0.9984852718059558	0.0014562486989830698
22018	0.018863063122771383	0.937642067800818	0.04349486907641385
22019	0.12509885253685862	0.8656264419834768	0.009274705479668506
22020	0.5770525358717296	0.4178240572249441	0.005123406903325217
22021	0.0026050633729518408	0.993737981942658	0.003656954684393015
22022	0.08451716642883737	0.8636239289537446	0.051858904617418045
22023	0.054654557268941494	0.9444395710558443	0.0009058716752193594
22024	0.7895884372872285	0.14448288750121682	0.0659286752115548
22025	0.027290304553720952	0.970009936004478	0.002699759441795096
22026	0.0012097594650437077	0.9440129928951301	0.054777247639827914
22027	0.005606195505073174	0.9743600896760405	0.020033714818888847
22028	0.37804866183183516	0.552054828623903	0.06989650954426024
22029	0.008039578161398603	0.7741808716029117	0.21777955023569093
22030	0.008199741820982247	0.9686201105885823	0.023180147590448785
22031	0.001943234665013498	0.1907262095237464	0.807330555811239
22032	0.12655164021980103	0.7238034129735582	0.14964494680664103
22033	0.5452000544037233	0.43407128886141205	0.020728656734870687
22034	0.016003362621569032	0.9471509504076415	0.03684568697078961
22035	0.00831396233496442	0.9818862607109627	0.009799776954077943
22036	0.0014721184257672072	0.925304393123604	0.07322348845062569
22037	0.16916174847835322	0.3265167360622116	0.5043215154594352
22038	6.706337321371723e-05	0.9996137314584203	0.00031920516837032385
22039	0.00014928115670725207	0.999032245091248	0.0008184737520506569
22040	0.05798090153740309	0.922412040149095	0.019607058313495653
22041	0.0003247485275265543	0.9995929498932365	8.230157924645218e-05
22042	0.0038248634505253015	0.8773520159875925	0.11882312056187984
22043	0.04206145925259914	0.7958859159627372	0.16205262478466864
22044	0.05224218028938871	0.89064389371229	0.057113925998320283
22045	2.5123551995987965e-06	0.9999674909261821	2.9996718621866548e-05
22046	1.0411896194526995e-06	0.9999288099450567	7.014886532717203e-05
22047	0.41831247042855924	0.5370439293124892	0.044643600258949555
22048	0.00011724055544362922	0.9990841933294534	0.0007985661151026138
22049	0.005323636528348348	0.9933364444815546	0.001339918990098298
22050	0.0019165277392205412	0.9977148753393457	0.00036859692143045256
22051	0.015910258744006228	0.9626658317215444	0.02142390953444273
22052	0.00015152415029394842	0.999813056506044	3.541934366285936e-05
22053	0.0833891034440879	0.9052454248215908	0.011365471734314457
22054	8.335509461985667e-05	0.9029847153359806	0.09693192956940122
22055	0.000866693551920164	0.9505247722345611	0.048608534213517435
22056	0.009680583075568495	0.36860041292273793	0.621719004001694
22057	0.0001571800806198256	0.2748988661743699	0.7249439537449979
22058	0.214197059893198	0.7697347570488164	0.01606818305799145
22059	0.02094041898158596	0.7034191801538731	0.27564040086454633
22060	0.0391070965768024	0.791432562651692	0.16946034077150657
22061	0.032671485758805706	0.583974827435562	0.3833536868056336
22062	0.1149523608975329	0.8508441235774806	0.03420351552498843
22063	0.012456351919065868	0.9106958425875263	0.07684780549341015
22064	1.4518450109009254e-05	0.9991018455813958	0.0008836359684931256
22065	0.020185825998474988	0.40151570571642076	0.5782984682851056
22066	0.7741017860113951	0.22003023787830672	0.005867976110291107
22067	0.26660786614121923	0.7109387623490909	0.022453371509701427
22068	0.004507760316789092	0.9844379234932586	0.011054316189954195
22069	0.00867817446468843	0.9497530992732649	0.04156872626205235
22070	0.036160873930519116	0.8366711752817139	0.12716795078775725
22071	0.6545749947629353	0.1598842980094411	0.18554070722762483
22072	0.5536414627438315	0.03764933665209241	0.4087092006040782
22073	0.015602721022609315	0.5708843989674438	0.4135128800099476
22074	0.145332318092921	0.6579756653356212	0.1966920165714583
22075	0.001030787357000389	0.5663863848197976	0.4325828278231995
22076	0.006389706161289324	0.7819822831387028	0.21162801070000903
22077	0.029973492875633886	0.9697282360024325	0.0002982711219336974
22078	3.256199613174445e-05	0.0004867277608811695	0.9994807102429896
22079	0.0006328248076360757	0.9483583239013457	0.051008851291017114
22080	0.00638544927743319	0.9687908939668597	0.024823656755702823
22081	0.7384097152633173	0.1363103353102381	0.12527994942644496
22082	0.004858883857292956	0.3817113994690306	0.6134297166736812
22083	0.06647946133106361	0.5287321605924925	0.4047883780764429
22084	0.06972850506088368	0.9192747309353766	0.010996764003744374
22085	0.1426614134124608	0.8378066264767537	0.019531960110780608
22086	0.609085103341413	0.2863806619970974	0.10453423466149157
22087	0.11017391084206357	0.6312961704936075	0.25852991866433245
22088	0.18552945762752387	0.1252462469367126	0.6892242954357669
22089	0.24509117663701177	0.6974685557274766	0.05744026763551585
22090	0.39828115111515766	0.5409439072330943	0.06077494165175126
22091	0.00011303968074435604	0.9933881049598292	0.006498855359420794
22092	0.8966726067316235	0.09682227238544125	0.006505120882935151
22093	0.12441339873641666	0.7513923804196192	0.12419422084396416
22094	0.02243726571267331	0.9636364639772628	0.013926270310062288
22095	0.0018423294183596687	0.9886780489100265	0.009479621671619224
22096	0.10940618518017764	0.829977485038697	0.06061632978112332
22097	0.031400968728645805	0.9637783820145176	0.004820649256834072
22098	0.019491862265221264	0.9767478625654636	0.003760275169312062
22099	8.80707524901295e-06	0.999989723375589	1.4695491595297967e-06
22100	0.0007442485702528096	0.9339249475409969	0.06533080388874692
22101	0.009813387161982485	0.9221607719316937	0.06802584090632305
22102	0.0921849447811403	0.8769954383028934	0.030819616915965437
22103	0.3860328501259603	0.5657056124973482	0.04826153737669273
22104	0.187325481803322	0.7681584644262897	0.04451605377038701
22105	0.004106123168665452	0.9956325306444296	0.00026134618690939684
22106	0.6803083871951594	0.2580659088055342	0.06162570399930523
22107	0.4202842010331821	0.4364606849508009	0.1432551140160169
22108	0.013474437097653048	0.9856991356854684	0.0008264272168724814
22109	0.0009996185398168961	0.042275675013248325	0.9567247064469379
22110	0.0004974495772541044	0.992889926112555	0.0066126243101928325
22111	0.0031111605357907156	0.987913064229823	0.008975775234383912
22112	0.0003211516701655763	0.9671974352684741	0.03248141306136627
22113	0.010930417209464036	0.9777874848540822	0.011282097936456265
22114	0.004199295245595234	0.9956169473745912	0.00018375737980676896
22115	0.0025026255249510237	0.9066095998927625	0.09088777458229336
22116	9.18111173849575e-05	0.924510696961667	0.0753974919209442
22117	0.00043316227894728054	0.9714928357070117	0.028074002014037768
22118	0.001469856018578576	0.9963424134977851	0.0021877304836301257
22119	0.03091405601713178	0.9311620314517078	0.03792391253116218
22120	0.002324565550897145	0.9899610626508302	0.007714371798286784
22121	0.8306589765147396	0.09786404364078995	0.07147697984446776
22122	0.4927273642817559	0.3232357510417631	0.18403688467648216
22123	0.06862076165966989	0.9112743497930599	0.020104888547271764
22124	0.011667605316483174	0.9648147152822357	0.023517679401287458
22125	0.005638405670584109	0.976906466395906	0.017455127933515228
22126	0.07564046020750846	0.8436930857949979	0.08066645399749457
22127	0.006359818734209021	0.9919512654871004	0.0016889157786931684
22128	6.474269311329782e-05	0.936393683452947	0.06354157385394488
22129	0.0004887800618125482	0.9840870543119902	0.015424165626211442
22130	0.057794203712925235	0.7621948659806763	0.1800109303063946
22131	0.07822561535749639	0.2872189172532316	0.6345554673892672
22132	0.007588197169028076	0.46630109314973345	0.5261107096812383
22133	0.017965073576738544	0.9764296289664584	0.005605297456801522
22134	4.445382058783818e-05	0.9856103340850675	0.01434521209433565
22135	0.10881804130787691	0.5980564947108902	0.2931254639812334
22136	0.0010870181469870377	0.9987333662798134	0.00017961557319649168
22137	0.005040999989336946	0.937925574408363	0.057033425602301804
22138	0.09942049278656039	0.879420293093438	0.021159214120007683
22139	0.0021886942149282333	0.972176333186775	0.025634972598299586
22140	0.017680413715578085	0.971744692235444	0.010574894048975238
22141	0.05318912050180275	0.9437319985488509	0.003078880949347469
22142	0.27377321832400964	0.7055902331456189	0.02063654853037355
22143	0.024834769399109363	0.4005444350951658	0.5746207955057254
22144	0.024834769399109363	0.4005444350951658	0.5746207955057254
22145	0.13124319589089647	0.7937772279066605	0.07497957620244362
22146	0.7657251371847753	0.195111175032268	0.03916368778295701
22147	0.037970003465383144	0.9144250634123785	0.047604933122235446
22148	0.03934151937355754	0.8707923924103109	0.08986608821613086
22149	0.0002921686044815599	0.9176286777236183	0.08207915367189984
22150	0.003390687310991249	0.8784756198740841	0.11813369281492594
22151	0.029479736628534273	0.9665198717390218	0.004000391632442222
22152	0.00020936507976756163	0.9874302581971052	0.012360376723129745
22153	0.002516505187715489	0.9790583034918416	0.01842519132044162
22154	0.00018279441803525733	0.9858259896676225	0.013991215914348914
22155	0.01422691031671606	0.9829329690277181	0.002840120655566897
22156	0.07135486008378955	0.9222007944552144	0.006444345460994349
22157	0.00885411348490118	0.9826686064857365	0.008477280029363184
22158	0.054442548566371915	0.8776799407004606	0.06787751073316499
22159	0.00018452083033053637	0.9827270809345309	0.017088398235137303
22160	0.007599496883917999	0.847710720223624	0.1446897828924593
22161	0.00030319649569847244	0.9380362707793142	0.06166053272499106
22162	0.0022820003873819136	0.9827962482130557	0.014921751399563657
22163	0.01099239982120246	0.8918682538938523	0.09713934628495076
22164	0.011022173943234414	0.9865354923239061	0.0024423337328620402
22165	0.1743846343291224	0.17038328797498534	0.6552320776958909
22166	0.058133677082765615	0.9287563546517306	0.0131099682655038
22167	0.0620745841625738	0.7996430493437002	0.13828236649372316
22168	0.0267284952702753	0.927546739975139	0.045724764754584285
22169	0.35682970994925833	0.22390136580735578	0.41926892424338114
22170	0.32761200435886867	0.653948330902703	0.018439664738428594
22171	0.10767302554235948	0.4243477020241685	0.4679792724334702
22172	0.025568366365671613	0.9625355535663729	0.011896080067950593
22173	0.0007171560750704713	0.9874335317523901	0.011849312172541827
22174	0.4183945445634781	0.5771778963891104	0.004427559047413212
22175	0.00978462279374991	0.9878783445943875	0.0023370326118606777
22176	0.005330409776384437	0.5859966910948778	0.4086728991287425
22177	0.0012092095791931207	0.1557676765046844	0.8430231139161176
22178	0.0029826952669926203	0.9929084252884146	0.004108879444595756
22179	0.019551002380849166	0.9453770763725419	0.03507192124660911
22180	0.0007063329050651299	0.9972287591193902	0.002064907975544685
22181	0.003576202106625691	0.9857704422192937	0.010653355674092218
22182	0.02630645779822087	0.9736346665218125	5.8875679963057635e-05
22183	0.008506119709755528	0.9886746525054434	0.002819227784802761
22184	0.004759102255755044	0.9934239645582836	0.0018169331859620036
22185	0.010780191466795876	0.9888386046495812	0.0003812038836264572
22186	0.011840410823076611	0.7551172614075281	0.23304232776939585
22187	0.10104718213190839	0.7973915580250769	0.10156125984301162
22188	0.05539131003923443	0.8544520302166916	0.09015665974407351
22189	0.0012646850449423532	0.000647782724737591	0.9980875322303162
22190	0.016451161081411713	0.970438763217759	0.013110075700828182
22191	0.21473422911954376	0.43777277374877743	0.34749299713168136
22192	0.04393838463362676	0.8281171755397296	0.1279444398266382
22193	0.0033679473134358598	0.9874662347159145	0.009165817970656187
22194	0.17048691235717442	0.8045136895093788	0.024999398133448637
22195	0.0017122259552224339	0.9946254447625821	0.0036623292822018996
22196	0.0033751241428372353	0.9825237646231981	0.014101111233963435
22197	0.29732279963016695	0.6626987355289322	0.039978464840894144
22198	0.0006908065941286579	0.9519250444715854	0.0473841489342859
22199	0.008118261100030156	0.9228217760002012	0.06905996289976363
22200	0.045850130917118384	0.9448908876900161	0.009258981392863228
22201	0.08530993045243486	0.8810397267465687	0.03365034280099461
22202	0.006590561998052523	0.9900972169713406	0.0033122210306035485
22203	0.008777285621510545	0.39688653715577704	0.5943361772227098
22204	0.0005764781988200021	0.99560046147656	0.003823060324610039
22205	0.02291596472265475	0.9713580210867957	0.005726014190545915
22206	0.021650506314621353	0.9606109018120675	0.017738591873314443
22207	9.08472150190012e-07	0.9880531863962938	0.011945905131544808
22208	0.14878870889137455	0.7710034444210406	0.08020784668758783
22209	4.272418830662791e-06	0.9997219257334751	0.0002738018476915319
22210	0.00523052448272131	0.9890651646124192	0.005704310904866299
22211	0.00043438751263610907	0.9957457426425527	0.003819869844817017
22212	0.04563108191351219	0.34250511603022793	0.6118638020562617
22213	0.5563786910837875	0.33124579455516195	0.11237551436104887
22214	0.0009684376505520137	0.9971670585495404	0.0018645037999061424
22215	0.0008771300822940112	0.9975181242192978	0.0016047456984072256
22216	0.0017406724287248152	0.992038809754988	0.0062205178162889506
22217	0.0013513534830824146	0.9410450331684515	0.057603613348473276
22218	0.00627097538055838	0.972632645213275	0.021096379406166006
22219	0.0028327201284464574	0.9971219563675185	4.532350403596709e-05
22220	0.0010343390933073994	0.9904657123716974	0.008499948535001356
22221	4.2542204502103e-05	0.9999561011534311	1.356642072317173e-06
22222	0.050495845847788684	0.8479818430185937	0.10152231113362255
22223	0.0036504645092129482	0.9829929225521478	0.013356612938639476
22224	0.001173286146252156	0.6821666422635264	0.31666007159021686
22225	0.0014991679843373254	0.9856804843553598	0.012820347660303714
22226	0.017762808059649794	0.9633986259014901	0.01883856603885793
22227	0.0005271627220590931	0.9665587023599715	0.03291413491797251
22228	0.021884220927624116	0.9729789904158888	0.005136788656484575
22229	0.009123957647157779	0.9787911724291589	0.012084869923682327
22230	0.05437108402773928	0.9424174477973175	0.003211468174950228
22231	0.0007382167421875814	0.9626796949772836	0.036582088280526504
22232	0.005027307613838148	0.8455189931854675	0.1494536992006955
22233	0.011181872499869915	0.9787455837028786	0.010072543797249114
22234	0.017419961115155886	0.9692288256221886	0.013351213262655176
22235	0.31261514780528127	0.6774527998374871	0.009932052357232202
22236	0.09274102257981837	0.7873211833322944	0.1199377940878892
22237	0.012548422184469806	0.5829891399412597	0.4044624378742678
22238	0.0005900916841451874	0.999401228456106	8.679859745156694e-06
22239	0.33625624264567455	0.652892505227444	0.010851252126877051
22240	0.00014475148532758846	0.993336664714904	0.006518583799771233
22241	0.0012558500006817663	0.9715565848325615	0.027187565166761445
22242	0.909508276539278	0.0542862461364384	0.036205477324284675
22243	0.003506585868483268	0.7509585266439254	0.24553488748758906
22244	0.036568920361818434	0.7884296667805863	0.17500141285759274
22245	0.012456705755424374	0.9646543051651818	0.02288898907939599
22246	0.02659683447942092	0.8091194829349725	0.1642836825856098
22247	0.010217378327861702	0.9170851682187866	0.0726974534533558
22248	0.287061403208932	0.1375037904892434	0.5754348063018242
22249	0.00019929574171689498	0.9845865215048395	0.015214182753442124
22250	0.03552023514504219	0.8719086048366782	0.09257116001827563
22251	0.01042846468715178	0.9873668206535322	0.002204714659319164
